        Exato             H1                       H2
1k      0.07, 17          0.04, 17                 2.62, 16
2k      0.22, 25          0.15, 25                 8.78, 13
3k      0.86, 31          0.33, 31                 10.97, 26
4k      1.26, 39          0.56, 39                 12.38, 32
5k      2.65, 41          0.73, 41                 14.05, 37
6k      6.28, 42          0.91, 42                 14.72, 29
7k      12.66, 45         1.17, 45                 20.07, 33
8k      30.40, 47         1.45, 47                 21.39, 33
9k      79.08, 48         1.79, 48                 29.75, 33
10k     89.49, 49         2.08, 49                 34.64, 35
100k    Infiasable        91.56, 134               320.63, 61
200k    Infiasable        302.75, 162              580.03, 100        
All     Infiasable        1196.88, 227               1209.77.XX, 117 

Vértices da clique de tamanho 227:
0, 1, 2, 3, 4, 5, 6, 7, 8, 9, 10, 11, 12, 13, 14, 15, 16, 17, 18, 19, 20, 21, 22, 23, 24, 25, 26, 27, 28, 29, 30, 31, 32, 33, 34, 35, 36, 37, 38, 39, 40, 41, 42, 43, 44, 45, 46, 47, 48, 49, 50, 51, 52, 53, 54, 55, 56, 57, 58, 59, 60, 61, 62, 63, 64, 65, 66, 67, 68, 70, 71, 72, 73, 74, 75, 76, 77, 78, 79, 80, 81, 82, 83, 84, 85, 86, 87, 88, 89, 90, 91, 92, 93, 94, 95, 96, 99, 100, 101, 102, 103, 104, 105, 107, 108, 109, 110, 111, 112, 113, 114, 115, 116, 117, 118, 119, 120, 121, 122, 124, 125, 126, 127, 128, 129, 130, 131, 132, 133, 134, 135, 136, 137, 138, 139, 140, 141, 142, 143, 144, 145, 146, 147, 149, 150, 151, 152, 153, 155, 156, 157, 158, 159, 160, 161, 162, 163, 164, 165, 166, 167, 168, 169, 170, 171, 172, 173, 174, 175, 176, 177, 178, 180, 181, 182, 183, 184, 186, 187, 188, 189, 190, 191, 192, 193, 195, 196, 197, 198, 199, 200, 201, 202, 203, 204, 205, 206, 207, 208, 209, 210, 211, 212, 214, 216, 217, 220, 222, 224, 225, 228, 230, 231, 232, 233, 236, 238, 239, 240, 243, 247, 252, 255, 256, 264, 270, 273